0.556672
2.456318
1.048614
3.109038
1.166175
0.495087
2.494051
1.152444
3.073275
1.158911
0.508368
2.487685
0.964081
3.101164
1.235764
2.439241
4.806394
1.041032
3.504773
2.173788
2.257570
7.908226
1.025461
-0.177116
1.354535
5.978135
0.556688
2.456354
1.048618
3.108998
1.166150
0.495063
2.494017
1.152468
3.073203
1.158904
0.508407
2.487745
0.964059
3.101170
1.235759
2.439207
4.806386
1.041077
3.504724
2.173747
2.257567
7.908186
1.025405
-0.177060
1.354505
5.978201
0.556700
2.456284
1.048656
3.109030
1.166142
0.495067
2.494030
1.152439
3.073286
1.158886
0.508410
2.487771
0.964133
3.101215
1.235758
2.439197
4.806465
1.041036
3.504808
2.173737
2.257567
7.908174
1.025482
-0.177114
1.354540
5.978153
0.556746
2.456327
1.048626
3.109001
1.166145
0.495101
2.494000
1.152429
3.073208
1.158885
0.508401
2.487693
0.964118
3.101210
1.235712
2.439250
4.806468
1.041038
3.504795
2.173736
2.257587
7.908179
1.025457
-0.177144
1.354569
5.978198
0.556671
2.456377
1.048663
3.109041
1.166147
0.495024
2.494079
1.152441
3.073227
1.158954
0.508439
2.487755
0.964069
3.101165
1.235774
2.439238
4.806422
1.041082
3.504732
2.173731
2.257540
7.908241
1.025463
-0.177139
1.354567
5.978112
0.556670
2.456382
1.048681
3.109051
1.166099
0.495080
2.494096
1.152455
3.073214
1.158929
0.508439
2.487680
0.964111
3.101198
1.235768
2.439179
4.806418
1.041066
3.504794
2.173738
2.257549
7.908189
1.025406
-0.177143
1.354563
5.978197
0.556715
2.456308
1.048651
3.109017
1.166118
0.495026
2.494069
1.152442
3.073244
1.158956
0.508355
2.487712
0.964058
3.101163
1.235738
2.439207
4.806423
1.041000
3.504796
2.173735
2.257572
7.908192
1.025431
-0.177089
1.354496
5.978152
0.556752
2.456357
1.048690
3.109043
1.166136
0.495026
2.494083
1.152423
3.073221
1.158893
0.508448
2.487686
0.964059
3.101230
1.235788
2.439197
4.806434
1.041008
3.504808
2.173752
2.257523
7.908190
1.025448
-0.177136
1.354553
5.978173
0.556710
2.456356
1.048689
3.108998
1.166157
0.495060
2.494033
1.152411
3.073272
1.158900
0.508430
2.487692
0.964132
3.101224
1.235722
2.439195
4.806417
1.041012
3.504778
2.173743
2.257572
7.908186
1.025396
-0.177094
1.354485
5.978174
0.556733
2.456366
1.048647
3.109005
1.166181
0.495103
2.494009
1.152408
3.073288
1.158894
0.508434
2.487690
0.964105
3.101212
1.235736
2.439232
4.806408
1.041000
3.504737
2.173795
2.257545
7.908236
1.025476
-0.177128
1.354575
5.978201
0.556752
2.456331
1.048615
3.109024
1.166134
0.495086
2.494011
1.152423
3.073267
1.158942
0.508384
2.487722
0.964084
3.101200
1.235734
2.439232
4.806398
1.041032
3.504792
2.173791
2.257532
7.908177
1.025450
-0.177068
1.354508
5.978172
0.556704
2.456353
1.048613
3.109040
1.166130
0.495055
2.494089
1.152465
3.073298
1.158892
0.508431
2.487768
0.964114
3.101187
1.235788
2.439186
4.806400
1.041009
3.504789
2.173780
2.257524
7.908209
1.025460
-0.177123
1.354482
5.978156
0.556657
2.456321
1.048701
3.108998
1.166114
0.495044
2.494041
1.152434
3.073277
1.158922
0.508379
2.487704
0.964085
3.101186
1.235718
2.439255
4.806412
1.041013
3.504762
2.173808
2.257607
7.908235
1.025437
-0.177129
1.354563
5.978199
0.556730
2.456291
1.048617
3.108966
1.166143
0.495093
2.494062
1.152423
3.073286
1.158970
0.508401
2.487775
0.964066
3.101153
1.235704
2.439172
4.806444
1.041085
3.504725
2.173737
2.257583
7.908171
1.025404
-0.177139
1.354486
5.978162
0.556719
2.456381
1.048612
3.108991
1.166152
0.495011
2.493999
1.152445
3.073279
1.158931
0.508450
2.487688
0.964091
3.101158
1.235746
2.439187
4.806428
1.040991
3.504798
2.173758
2.257592
7.908174
1.025461
-0.177093
1.354536
5.978116
0.556726
2.456315
1.048670
3.109058
1.166148
0.495052
2.494022
1.152444
3.073277
1.158964
0.508433
2.487695
0.964099
3.101176
1.235790
2.439191
4.806411
1.041014
3.504720
2.173798
2.257608
7.908246
1.025494
-0.177085
1.354517
5.978174
0.556690
2.456362
1.048630
3.109010
1.166097
0.495071
2.494010
1.152417
3.073236
1.158885
0.508368
2.487732
0.964057
3.101205
1.235748
2.439204
4.806441
1.041038
3.504754
2.173811
2.257609
7.908156
1.025401
-0.177134
1.354516
5.978115
0.556676
2.456320
1.048686
3.109027
1.166089
0.495104
2.494002
1.152443
3.073236
1.158895
0.508370
2.487728
0.964063
3.101195
1.235712
2.439166
4.806446
1.040991
3.504749
2.173794
2.257579
7.908232
1.025405
-0.177118
1.354502
5.978107
0.556696
2.456326
1.048608
3.109022
1.166151
0.495086
2.494032
1.152477
3.073199
1.158891
0.508380
2.487749
0.964120
3.101140
1.235776
2.439227
4.806427
1.041070
3.504724
2.173735
2.257573
7.908160
1.025404
-0.177106
1.354560
5.978193
0.556748
2.456294
1.048690
3.108968
1.166115
0.495045
2.494011
1.152432
3.073255
1.158966
0.508426
2.487712
0.964072
3.101229
1.235769
2.439163
4.806394
1.041000
3.504772
2.173771
2.257535
7.908237
1.025478
-0.177118
1.354493
5.978206
