3.072879
0.724796
1.526462
0.616409
2.359072
3.042118
0.627241
1.563219
0.668628
2.406576
3.076926
0.635522
1.522113
0.718520
2.347466
3.974107
2.907773
1.825644
2.942918
4.612701
-0.268597
2.812774
1.546176
2.919613
7.684984
6.043266
0.559148
2.456707
1.052084
3.137110
1.165913
0.485564
2.497133
1.150535
3.116731
1.167715
0.510860
2.486182
0.961415
3.141841
1.236932
2.399492
4.854394
1.040530
3.500606
2.194737
2.249246
7.918246
1.029180
-0.175066
1.351324
5.986489