0.628033
1.434793
0.357059
2.331197
3.248232
0.112984
1.116773
1.053337
2.496983
2.919604
0.636694
1.434548
0.349757
2.325922
3.253958
2.999961
1.776412
2.308350
5.013974
3.754872
2.042777
1.300408
0.326685
7.693709
-0.358644
7.076570
0.628082
1.434877
0.357112
2.331235
3.248276
0.113022
1.116823
1.053476
2.496955
2.919656
0.636729
1.434562
0.349762
2.325938
3.253997
2.999943
1.776482
2.308354
5.014023
3.754918
2.042825
1.300515
0.326701
7.693697
-0.358650
7.076612
0.628006
1.434786
0.357005
2.331116
3.248240
0.112980
1.116795
1.053331
2.496948
2.919583
0.636690
1.434495
0.349715
2.325948
3.253897
2.999943
1.776417
2.308325
5.013931
3.754897
2.042793
1.300466
0.326653
7.693684
-0.358634
7.076521