0.556672
2.456318
1.048614
3.109038
1.166175
0.495087
2.494051
1.152444
3.073275
1.158911
0.508368
2.487685
0.964081
3.101164
1.235764
2.439241
4.806394
1.041032
3.504773
2.173788
2.257570
7.908226
1.025461
-0.177116
1.354535
5.978135
0.556688
2.456354
1.048618
3.108998
1.166150
0.495063
2.494017
1.152468
3.073203
1.158904
0.508407
2.487745
0.964059
3.101170
1.235759
2.439207
4.806386
1.041077
3.504724
2.173747
2.257567
7.908186
1.025405
-0.177060
1.354505
5.978201
