0.613442
0.370182
0.473200
0.305291
0.420942
0.485139
0.777517
0.640324
0.266648
0.545691
0.573167
0.330687
0.308842
0.166635
0.611735
0.490918
0.602834
0.681644
0.611485
0.510461
0.317551
0.654474
0.658034
0.423950
0.600712
0.650462
0.679284
0.440617
0.556377
0.557394
0.372371
0.524005
0.503290
0.412501
0.694034
0.761601
0.838288
0.568246
0.615886
0.749456
0.732154
0.619778
0.402119
0.934338
0.522038
0.609445
0.513157
0.684959
0.647971
0.427235
0.510545
0.481886
0.854343
0.520304
0.065427
0.782135
0.563311
0.565871
0.116887
0.516653
0.455827
0.498714
0.569850
0.338884
0.279938
0.434760
0.682854
0.532113
0.464458
0.543600
0.497612
0.540568
0.373799
0.432388
0.233440
0.449339
0.227144
0.605727
0.510153
0.736303
0.328019
0.407429
0.493200
0.567414
0.390278
0.461005
0.446241
0.418939
0.519652
0.545536
0.412987
0.323686
0.803886
0.229336
0.470461
0.578069
0.594033
0.444109
0.524756
0.220795
